0000
1000
2000
3000
4000
5000
6000
7000
8000
9000
0001
1001
2001
3001
4001
5001
6001
7001
8001
9001
0002
1002
2002
3002
4002
5002
6002
7002
8002
9002
0003
1003
2003
3003
4003
5003
6003
7003
8003
9003
0004
1004
2004
3004
4004
5004
6004
7004
8004
9004
0005
1005
2005
3005
4005
5005
6005
7005
8005
9005
0006
1006
2006
3006
4006
5006
6006
7006
8006
9006
0007
1007
2007
3007
4007
5007
6007
7007
8007
9007
0008
1008
2008
3008
4008
5008
6008
7008
8008
9008
0009
1009
2009
3009
4009
5009
6009
7009
8009
9009
0010
1010
2010
3010
4010
5010
6010
7010
8010
9010
0011
1011
2011
3011
4011
5011
6011
7011
8011
9011
0012
1012
2012
3012
4012
5012
6012
7012
8012
9012
0013
1013
2013
3013
4013
5013
6013
7013
8013
9013
0014
1014
2014
3014
4014
5014
6014
7014
8014
9014
0015
1015
2015
3015
4015
5015
6015
7015
8015
9015
0016
1016
2016
3016
4016
5016
6016
7016
8016
9016
0017
1017
2017
3017
4017
5017
6017
7017
8017
9017
0018
1018
2018
3018
4018
5018
6018
7018
8018
9018
0019
1019
2019
3019
4019
5019
6019
7019
8019
9019
0020
1020
2020
3020
4020
5020
6020
7020
8020
9020
0021
1021
2021
3021
4021
5021
6021
7021
8021
9021
0022
1022
2022
3022
4022
5022
6022
7022
8022
9022
0023
1023
2023
3023
4023
5023
6023
7023
8023
9023
0024
1024
2024
3024
4024
5024
6024
7024
8024
9024
0025
1025
2025
3025
4025
5025
6025
7025
8025
9025
0026
1026
2026
3026
4026
5026
6026
7026
8026
9026
0027
1027
2027
3027
4027
5027
6027
7027
8027
9027
0028
1028
2028
3028
4028
5028
6028
7028
8028
9028
0029
1029
2029
3029
4029
5029
6029
7029
8029
9029
0030
1030
2030
3030
4030
5030
6030
7030
8030
9030
0031
1031
2031
3031
4031
5031
6031
7031
8031
9031
0032
1032
2032
3032
4032
5032
6032
7032
8032
9032
0033
1033
2033
3033
4033
5033
6033
7033
8033
9033
0034
1034
2034
3034
4034
5034
6034
7034
8034
9034
0035
1035
2035
3035
4035
5035
6035
7035
8035
9035
0036
1036
2036
3036
4036
5036
6036
7036
8036
9036
0037
1037
2037
3037
4037
5037
6037
7037
8037
9037
0038
1038
2038
3038
4038
5038
6038
7038
8038
9038
0039
1039
2039
3039
4039
5039
6039
7039
8039
9039
0040
1040
2040
3040
4040
5040
6040
7040
8040
9040
0041
1041
2041
3041
4041
5041
6041
7041
8041
9041
0042
1042
2042
3042
4042
5042
6042
7042
8042
9042
0043
1043
2043
3043
4043
5043
6043
7043
8043
9043
0044
1044
2044
3044
4044
5044
6044
7044
8044
9044
0045
1045
2045
3045
4045
5045
6045
7045
8045
9045
0046
1046
2046
3046
4046
5046
6046
7046
8046
9046
0047
1047
2047
3047
4047
5047
6047
7047
8047
9047
0048
1048
2048
3048
4048
5048
6048
7048
8048
9048
0049
1049
2049
3049
4049
5049
6049
7049
8049
9049
0050
1050
2050
3050
4050
5050
6050
7050
8050
9050
0051
1051
2051
3051
4051
5051
6051
7051
8051
9051
0052
1052
2052
3052
4052
5052
6052
7052
8052
9052
0053
1053
2053
3053
4053
5053
6053
7053
8053
9053
0054
1054
2054
3054
4054
5054
6054
7054
8054
9054
0055
1055
2055
3055
4055
5055
6055
7055
8055
9055
0056
1056
2056
3056
4056
5056
6056
7056
8056
9056
0057
1057
2057
3057
4057
5057
6057
7057
8057
9057
0058
1058
2058
3058
4058
5058
6058
7058
8058
9058
0059
1059
2059
3059
4059
5059
6059
7059
8059
9059
0060
1060
2060
3060
4060
5060
6060
7060
8060
9060
0061
1061
2061
3061
4061
5061
6061
7061
8061
9061
0062
1062
2062
3062
4062
5062
6062
7062
8062
9062
0063
1063
2063
3063
4063
5063
6063
7063
8063
9063
0064
1064
2064
3064
4064
5064
6064
7064
8064
9064
0065
1065
2065
3065
4065
5065
6065
7065
8065
9065
0066
1066
2066
3066
4066
5066
6066
7066
8066
9066
0067
1067
2067
3067
4067
5067
6067
7067
8067
9067
0068
1068
2068
3068
4068
5068
6068
7068
8068
9068
0069
1069
2069
3069
4069
5069
6069
7069
8069
9069
0070
1070
2070
3070
4070
5070
6070
7070
8070
9070
0071
1071
2071
3071
4071
5071
6071
7071
8071
9071
0072
1072
2072
3072
4072
5072
6072
7072
8072
9072
0073
1073
2073
3073
4073
5073
6073
7073
8073
9073
0074
1074
2074
3074
4074
5074
6074
7074
8074
9074
0075
1075
2075
3075
4075
5075
6075
7075
8075
9075
0076
1076
2076
3076
4076
5076
6076
7076
8076
9076
0077
1077
2077
3077
4077
5077
6077
7077
8077
9077
0078
1078
2078
3078
4078
5078
6078
7078
8078
9078
0079
1079
2079
3079
4079
5079
6079
7079
8079
9079
0080
1080
2080
3080
4080
5080
6080
7080
8080
9080
0081
1081
2081
3081
4081
5081
6081
7081
8081
9081
0082
1082
2082
3082
4082
5082
6082
7082
8082
9082
0083
1083
2083
3083
4083
5083
6083
7083
8083
9083
0084
1084
2084
3084
4084
5084
6084
7084
8084
9084
0085
1085
2085
3085
4085
5085
6085
7085
8085
9085
0086
1086
2086
3086
4086
5086
6086
7086
8086
9086
0087
1087
2087
3087
4087
5087
6087
7087
8087
9087
0088
1088
2088
3088
4088
5088
6088
7088
8088
9088
0089
1089
2089
3089
4089
5089
6089
7089
8089
9089
0090
1090
2090
3090
4090
5090
6090
7090
8090
9090
0091
1091
2091
3091
4091
5091
6091
7091
8091
9091
0092
1092
2092
3092
4092
5092
6092
7092
8092
9092
0093
1093
2093
3093
4093
5093
6093
7093
8093
9093
0094
1094
2094
3094
4094
5094
6094
7094
8094
9094
0095
1095
2095
3095
4095
5095
6095
7095
8095
9095
0096
1096
2096
3096
4096
5096
6096
7096
8096
9096
0097
1097
2097
3097
4097
5097
6097
7097
8097
9097
0098
1098
2098
3098
4098
5098
6098
7098
8098
9098
0099
1099
2099
3099
4099
5099
6099
7099
8099
9099
0100
1100
2100
3100
4100
5100
6100
7100
8100
9100
0101
1101
2101
3101
4101
5101
6101
7101
8101
9101
0102
1102
2102
3102
4102
5102
6102
7102
8102
9102
0103
1103
2103
3103
4103
5103
6103
7103
8103
9103
0104
1104
2104
3104
4104
5104
6104
7104
8104
9104
0105
1105
2105
3105
4105
5105
6105
7105
8105
9105
0106
1106
2106
3106
4106
5106
6106
7106
8106
9106
0107
1107
2107
3107
4107
5107
6107
7107
8107
9107
0108
1108
2108
3108
4108
5108
6108
7108
8108
9108
0109
1109
2109
3109
4109
5109
6109
7109
8109
9109
0110
1110
2110
3110
4110
5110
6110
7110
8110
9110
0111
1111
2111
3111
4111
5111
6111
7111
8111
9111
0112
1112
2112
3112
4112
5112
6112
7112
8112
9112
0113
1113
2113
3113
4113
5113
6113
7113
8113
9113
0114
1114
2114
3114
4114
5114
6114
7114
8114
9114
0115
1115
2115
3115
4115
5115
6115
7115
8115
9115
0116
1116
2116
3116
4116
5116
6116
7116
8116
9116
0117
1117
2117
3117
4117
5117
6117
7117
8117
9117
0118
1118
2118
3118
4118
5118
6118
7118
8118
9118
0119
1119
2119
3119
4119
5119
6119
7119
8119
9119
0120
1120
2120
3120
4120
5120
6120
7120
8120
9120
0121
1121
2121
3121
4121
5121
6121
7121
8121
9121
0122
1122
2122
3122
4122
5122
6122
7122
8122
9122
0123
1123
2123
3123
4123
5123
6123
7123
8123
9123
0124
1124
2124
3124
4124
5124
6124
7124
8124
9124
0125
1125
2125
3125
4125
5125
6125
7125
8125
9125
0126
1126
2126
3126
4126
5126
6126
7126
8126
9126
0127
1127
2127
3127
4127
5127
6127
7127
8127
9127
0128
1128
2128
3128
4128
5128
6128
7128
8128
9128
0129
1129
2129
3129
4129
5129
6129
7129
8129
9129
0130
1130
2130
3130
4130
5130
6130
7130
8130
9130
0131
1131
2131
3131
4131
5131
6131
7131
8131
9131
0132
1132
2132
3132
4132
5132
6132
7132
8132
9132
0133
1133
2133
3133
4133
5133
6133
7133
8133
9133
0134
1134
2134
3134
4134
5134
6134
7134
8134
9134
0135
1135
2135
3135
4135
5135
6135
7135
8135
9135
0136
1136
2136
3136
4136
5136
6136
7136
8136
9136
0137
1137
2137
3137
4137
5137
6137
7137
8137
9137
0138
1138
2138
3138
4138
5138
6138
7138
8138
9138
0139
1139
2139
3139
4139
5139
6139
7139
8139
9139
0140
1140
2140
3140
4140
5140
6140
7140
8140
9140
0141
1141
2141
3141
4141
5141
6141
7141
8141
9141
0142
1142
2142
3142
4142
5142
6142
7142
8142
9142
0143
1143
2143
3143
4143
5143
6143
7143
8143
9143
0144
1144
2144
3144
4144
5144
6144
7144
8144
9144
0145
1145
2145
3145
4145
5145
6145
7145
8145
9145
0146
1146
2146
3146
4146
5146
6146
7146
8146
9146
0147
1147
2147
3147
4147
5147
6147
7147
8147
9147
0148
1148
2148
3148
4148
5148
6148
7148
8148
9148
0149
1149
2149
3149
4149
5149
6149
7149
8149
9149
0150
1150
2150
3150
4150
5150
6150
7150
8150
9150
0151
1151
2151
3151
4151
5151
6151
7151
8151
9151
0152
1152
2152
3152
4152
5152
6152
7152
8152
9152
0153
1153
2153
3153
4153
5153
6153
7153
8153
9153
0154
1154
2154
3154
4154
5154
6154
7154
8154
9154
0155
1155
2155
3155
4155
5155
6155
7155
8155
9155
0156
1156
2156
3156
4156
5156
6156
7156
8156
9156
0157
1157
2157
3157
4157
5157
6157
7157
8157
9157
0158
1158
2158
3158
4158
5158
6158
7158
8158
9158
0159
1159
2159
3159
4159
5159
6159
7159
8159
9159
0160
1160
2160
3160
4160
5160
6160
7160
8160
9160
0161
1161
2161
3161
4161
5161
6161
7161
8161
9161
0162
1162
2162
3162
4162
5162
6162
7162
8162
9162
0163
1163
2163
3163
4163
5163
6163
7163
8163
9163
0164
1164
2164
3164
4164
5164
6164
7164
8164
9164
0165
1165
2165
3165
4165
5165
6165
7165
8165
9165
0166
1166
2166
3166
4166
5166
6166
7166
8166
9166
0167
1167
2167
3167
4167
5167
6167
7167
8167
9167
0168
1168
2168
3168
4168
5168
6168
7168
8168
9168
0169
1169
2169
3169
4169
5169
6169
7169
8169
9169
0170
1170
2170
3170
4170
5170
6170
7170
8170
9170
0171
1171
2171
3171
4171
5171
6171
7171
8171
9171
0172
1172
2172
3172
4172
5172
6172
7172
8172
9172
0173
1173
2173
3173
4173
5173
6173
7173
8173
9173
0174
1174
2174
3174
4174
5174
6174
7174
8174
9174
0175
1175
2175
3175
4175
5175
6175
7175
8175
9175
0176
1176
2176
3176
4176
5176
6176
7176
8176
9176
0177
1177
2177
3177
4177
5177
6177
7177
8177
9177
0178
1178
2178
3178
4178
5178
6178
7178
8178
9178
0179
1179
2179
3179
4179
5179
6179
7179
8179
9179
0180
1180
2180
3180
4180
5180
6180
7180
8180
9180
0181
1181
2181
3181
4181
5181
6181
7181
8181
9181
0182
1182
2182
3182
4182
5182
6182
7182
8182
9182
0183
1183
2183
3183
4183
5183
6183
7183
8183
9183
0184
1184
2184
3184
4184
5184
6184
7184
8184
9184
0185
1185
2185
3185
4185
5185
6185
7185
8185
9185
0186
1186
2186
3186
4186
5186
6186
7186
8186
9186
0187
1187
2187
3187
4187
5187
6187
7187
8187
9187
0188
1188
2188
3188
4188
5188
6188
7188
8188
9188
0189
1189
2189
3189
4189
5189
6189
7189
8189
9189
0190
1190
2190
3190
4190
5190
6190
7190
8190
9190
0191
1191
2191
3191
4191
5191
6191
7191
8191
9191
0192
1192
2192
3192
4192
5192
6192
7192
8192
9192
0193
1193
2193
3193
4193
5193
6193
7193
8193
9193
0194
1194
2194
3194
4194
5194
6194
7194
8194
9194
0195
1195
2195
3195
4195
5195
6195
7195
8195
9195
0196
1196
2196
3196
4196
5196
6196
7196
8196
9196
0197
1197
2197
3197
4197
5197
6197
7197
8197
9197
0198
1198
2198
3198
4198
5198
6198
7198
8198
9198
0199
1199
2199
3199
4199
5199
6199
7199
8199
9199
0200
1200
2200
3200
4200
5200
6200
7200
8200
9200
0201
1201
2201
3201
4201
5201
6201
7201
8201
9201
0202
1202
2202
3202
4202
5202
6202
7202
8202
9202
0203
1203
2203
3203
4203
5203
6203
7203
8203
9203
0204
1204
2204
3204
4204
5204
6204
7204
8204
9204
0205
1205
2205
3205
4205
5205
6205
7205
8205
9205
0206
1206
2206
3206
4206
5206
6206
7206
8206
9206
0207
1207
2207
3207
4207
5207
6207
7207
8207
9207
0208
1208
2208
3208
4208
5208
6208
7208
8208
9208
0209
1209
2209
3209
4209
5209
6209
7209
8209
9209
0210
1210
2210
3210
4210
5210
6210
7210
8210
9210
0211
1211
2211
3211
4211
5211
6211
7211
8211
9211
0212
1212
2212
3212
4212
5212
6212
7212
8212
9212
0213
1213
2213
3213
4213
5213
6213
7213
8213
9213
0214
1214
2214
3214
4214
5214
6214
7214
8214
9214
0215
1215
2215
3215
4215
5215
6215
7215
8215
9215
0216
1216
2216
3216
4216
5216
6216
7216
8216
9216
0217
1217
2217
3217
4217
5217
6217
7217
8217
9217
0218
1218
2218
3218
4218
5218
6218
7218
8218
9218
0219
1219
2219
3219
4219
5219
6219
7219
8219
9219
0220
1220
2220
3220
4220
5220
6220
7220
8220
9220
0221
1221
2221
3221
4221
5221
6221
7221
8221
9221
0222
1222
2222
3222
4222
5222
6222
7222
8222
9222
0223
1223
2223
3223
4223
5223
6223
7223
8223
9223
0224
1224
2224
3224
4224
5224
6224
7224
8224
9224
0225
1225
2225
3225
4225
5225
6225
7225
8225
9225
0226
1226
2226
3226
4226
5226
6226
7226
8226
9226
0227
1227
2227
3227
4227
5227
6227
7227
8227
9227
0228
1228
2228
3228
4228
5228
6228
7228
8228
9228
0229
1229
2229
3229
4229
5229
6229
7229
8229
9229
0230
1230
2230
3230
4230
5230
6230
7230
8230
9230
0231
1231
2231
3231
4231
5231
6231
7231
8231
9231
0232
1232
2232
3232
4232
5232
6232
7232
8232
9232
0233
1233
2233
3233
4233
5233
6233
7233
8233
9233
0234
1234
2234
3234
4234
5234
6234
7234
8234
9234
0235
1235
2235
3235
4235
5235
6235
7235
8235
9235
0236
1236
2236
3236
4236
5236
6236
7236
8236
9236
0237
1237
2237
3237
4237
5237
6237
7237
8237
9237
0238
1238
2238
3238
4238
5238
6238
7238
8238
9238
0239
1239
2239
3239
4239
5239
6239
7239
8239
9239
0240
1240
2240
3240
4240
5240
6240
7240
8240
9240
0241
1241
2241
3241
4241
5241
6241
7241
8241
9241
0242
1242
2242
3242
4242
5242
6242
7242
8242
9242
0243
1243
2243
3243
4243
5243
6243
7243
8243
9243
0244
1244
2244
3244
4244
5244
6244
7244
8244
9244
0245
1245
2245
3245
4245
5245
6245
7245
8245
9245
0246
1246
2246
3246
4246
5246
6246
7246
8246
9246
0247
1247
2247
3247
4247
5247
6247
7247
8247
9247
0248
1248
2248
3248
4248
5248
6248
7248
8248
9248
0249
1249
2249
3249
4249
5249
6249
7249
8249
9249
0250
1250
2250
3250
4250
5250
6250
7250
8250
9250
0251
1251
2251
3251
4251
5251
6251
7251
8251
9251
0252
1252
2252
3252
4252
5252
6252
7252
8252
9252
0253
1253
2253
3253
4253
5253
6253
7253
8253
9253
0254
1254
2254
3254
4254
5254
6254
7254
8254
9254
0255
1255
2255
3255
4255
5255
6255
7255
8255
9255
0256
1256
2256
3256
4256
5256
6256
7256
8256
9256
0257
1257
2257
3257
4257
5257
6257
7257
8257
9257
0258
1258
2258
3258
4258
5258
6258
7258
8258
9258
0259
1259
2259
3259
4259
5259
6259
7259
8259
9259
0260
1260
2260
3260
4260
5260
6260
7260
8260
9260
0261
1261
2261
3261
4261
5261
6261
7261
8261
9261
0262
1262
2262
3262
4262
5262
6262
7262
8262
9262
0263
1263
2263
3263
4263
5263
6263
7263
8263
9263
0264
1264
2264
3264
4264
5264
6264
7264
8264
9264
0265
1265
2265
3265
4265
5265
6265
7265
8265
9265
0266
1266
2266
3266
4266
5266
6266
7266
8266
9266
0267
1267
2267
3267
4267
5267
6267
7267
8267
9267
0268
1268
2268
3268
4268
5268
6268
7268
8268
9268
0269
1269
2269
3269
4269
5269
6269
7269
8269
9269
0270
1270
2270
3270
4270
5270
6270
7270
8270
9270
0271
1271
2271
3271
4271
5271
6271
7271
8271
9271
0272
1272
2272
3272
4272
5272
6272
7272
8272
9272
0273
1273
2273
3273
4273
5273
6273
7273
8273
9273
0274
1274
2274
3274
4274
5274
6274
7274
8274
9274
0275
1275
2275
3275
4275
5275
6275
7275
8275
9275
0276
1276
2276
3276
4276
5276
6276
7276
8276
9276
0277
1277
2277
3277
4277
5277
6277
7277
8277
9277
0278
1278
2278
3278
4278
5278
6278
7278
8278
9278
0279
1279
2279
3279
4279
5279
6279
7279
8279
9279
0280
1280
2280
3280
4280
5280
6280
7280
8280
9280
0281
1281
2281
3281
4281
5281
6281
7281
8281
9281
0282
1282
2282
3282
4282
5282
6282
7282
8282
9282
0283
1283
2283
3283
4283
5283
6283
7283
8283
9283
0284
1284
2284
3284
4284
5284
6284
7284
8284
9284
0285
1285
2285
3285
4285
5285
6285
7285
8285
9285
0286
1286
2286
3286
4286
5286
6286
7286
8286
9286
0287
1287
2287
3287
4287
5287
6287
7287
8287
9287
0288
1288
2288
3288
4288
5288
6288
7288
8288
9288
0289
1289
2289
3289
4289
5289
6289
7289
8289
9289
0290
1290
2290
3290
4290
5290
6290
7290
8290
9290
0291
1291
2291
3291
4291
5291
6291
7291
8291
9291
0292
1292
2292
3292
4292
5292
6292
7292
8292
9292
0293
1293
2293
3293
4293
5293
6293
7293
8293
9293
0294
1294
2294
3294
4294
5294
6294
7294
8294
9294
0295
1295
2295
3295
4295
5295
6295
7295
8295
9295
0296
1296
2296
3296
4296
5296
6296
7296
8296
9296
0297
1297
2297
3297
4297
5297
6297
7297
8297
9297
0298
1298
2298
3298
4298
5298
6298
7298
8298
9298
0299
1299
2299
3299
4299
5299
6299
7299
8299
9299
0300
1300
2300
3300
4300
5300
6300
7300
8300
9300
0301
1301
2301
3301
4301
5301
6301
7301
8301
9301
0302
1302
2302
3302
4302
5302
6302
7302
8302
9302
0303
1303
2303
3303
4303
5303
6303
7303
8303
9303
0304
1304
2304
3304
4304
5304
6304
7304
8304
9304
0305
1305
2305
3305
4305
5305
6305
7305
8305
9305
0306
1306
2306
3306
4306
5306
6306
7306
8306
9306
0307
1307
2307
3307
4307
5307
6307
7307
8307
9307
0308
1308
2308
3308
4308
5308
6308
7308
8308
9308
0309
1309
2309
3309
4309
5309
6309
7309
8309
9309
0310
1310
2310
3310
4310
5310
6310
7310
8310
9310
0311
1311
2311
3311
4311
5311
6311
7311
8311
9311
0312
1312
2312
3312
4312
5312
6312
7312
8312
9312
0313
1313
2313
3313
4313
5313
6313
7313
8313
9313
0314
1314
2314
3314
4314
5314
6314
7314
8314
9314
0315
1315
2315
3315
4315
5315
6315
7315
8315
9315
0316
1316
2316
3316
4316
5316
6316
7316
8316
9316
0317
1317
2317
3317
4317
5317
6317
7317
8317
9317
0318
1318
2318
3318
4318
5318
6318
7318
8318
9318
0319
1319
2319
3319
4319
5319
6319
7319
8319
9319
0320
1320
2320
3320
4320
5320
6320
7320
8320
9320
0321
1321
2321
3321
4321
5321
6321
7321
8321
9321
0322
1322
2322
3322
4322
5322
6322
7322
8322
9322
0323
1323
2323
3323
4323
5323
6323
7323
8323
9323
0324
1324
2324
3324
4324
5324
6324
7324
8324
9324
0325
1325
2325
3325
4325
5325
6325
7325
8325
9325
0326
1326
2326
3326
4326
5326
6326
7326
8326
9326
0327
1327
2327
3327
4327
5327
6327
7327
8327
9327
0328
1328
2328
3328
4328
5328
6328
7328
8328
9328
0329
1329
2329
3329
4329
5329
6329
7329
8329
9329
0330
1330
2330
3330
4330
5330
6330
7330
8330
9330
0331
1331
2331
3331
4331
5331
6331
7331
8331
9331
0332
1332
2332
3332
4332
5332
6332
7332
8332
9332
0333
1333
2333
3333
4333
5333
6333
7333
8333
9333
0334
1334
2334
3334
4334
5334
6334
7334
8334
9334
0335
1335
2335
3335
4335
5335
6335
7335
8335
9335
0336
1336
2336
3336
4336
5336
6336
7336
8336
9336
0337
1337
2337
3337
4337
5337
6337
7337
8337
9337
0338
1338
2338
3338
4338
5338
6338
7338
8338
9338
0339
1339
2339
3339
4339
5339
6339
7339
8339
9339
0340
1340
2340
3340
4340
5340
6340
7340
8340
9340
0341
1341
2341
3341
4341
5341
6341
7341
8341
9341
0342
1342
2342
3342
4342
5342
6342
7342
8342
9342
0343
1343
2343
3343
4343
5343
6343
7343
8343
9343
0344
1344
2344
3344
4344
5344
6344
7344
8344
9344
0345
1345
2345
3345
4345
5345
6345
7345
8345
9345
0346
1346
2346
3346
4346
5346
6346
7346
8346
9346
0347
1347
2347
3347
4347
5347
6347
7347
8347
9347
0348
1348
2348
3348
4348
5348
6348
7348
8348
9348
0349
1349
2349
3349
4349
5349
6349
7349
8349
9349
0350
1350
2350
3350
4350
5350
6350
7350
8350
9350
0351
1351
2351
3351
4351
5351
6351
7351
8351
9351
0352
1352
2352
3352
4352
5352
6352
7352
8352
9352
0353
1353
2353
3353
4353
5353
6353
7353
8353
9353
0354
1354
2354
3354
4354
5354
6354
7354
8354
9354
0355
1355
2355
3355
4355
5355
6355
7355
8355
9355
0356
1356
2356
3356
4356
5356
6356
7356
8356
9356
0357
1357
2357
3357
4357
5357
6357
7357
8357
9357
0358
1358
2358
3358
4358
5358
6358
7358
8358
9358
0359
1359
2359
3359
4359
5359
6359
7359
8359
9359
0360
1360
2360
3360
4360
5360
6360
7360
8360
9360
0361
1361
2361
3361
4361
5361
6361
7361
8361
9361
0362
1362
2362
3362
4362
5362
6362
7362
8362
9362
0363
1363
2363
3363
4363
5363
6363
7363
8363
9363
0364
1364
2364
3364
4364
5364
6364
7364
8364
9364
0365
1365
2365
3365
4365
5365
6365
7365
8365
9365
0366
1366
2366
3366
4366
5366
6366
7366
8366
9366
0367
1367
2367
3367
4367
5367
6367
7367
8367
9367
0368
1368
2368
3368
4368
5368
6368
7368
8368
9368
0369
1369
2369
3369
4369
5369
6369
7369
8369
9369
0370
1370
2370
3370
4370
5370
6370
7370
8370
9370
0371
1371
2371
3371
4371
5371
6371
7371
8371
9371
0372
1372
2372
3372
4372
5372
6372
7372
8372
9372
0373
1373
2373
3373
4373
5373
6373
7373
8373
9373
0374
1374
2374
3374
4374
5374
6374
7374
8374
9374
0375
1375
2375
3375
4375
5375
6375
7375
8375
9375
0376
1376
2376
3376
4376
5376
6376
7376
8376
9376
0377
1377
2377
3377
4377
5377
6377
7377
8377
9377
0378
1378
2378
3378
4378
5378
6378
7378
8378
9378
0379
1379
2379
3379
4379
5379
6379
7379
8379
9379
0380
1380
2380
3380
4380
5380
6380
7380
8380
9380
0381
1381
2381
3381
4381
5381
6381
7381
8381
9381
0382
1382
2382
3382
4382
5382
6382
7382
8382
9382
0383
1383
2383
3383
4383
5383
6383
7383
8383
9383
0384
1384
2384
3384
4384
5384
6384
7384
8384
9384
0385
1385
2385
3385
4385
5385
6385
7385
8385
9385
0386
1386
2386
3386
4386
5386
6386
7386
8386
9386
0387
1387
2387
3387
4387
5387
6387
7387
8387
9387
0388
1388
2388
3388
4388
5388
6388
7388
8388
9388
0389
1389
2389
3389
4389
5389
6389
7389
8389
9389
0390
1390
2390
3390
4390
5390
6390
7390
8390
9390
0391
1391
2391
3391
4391
5391
6391
7391
8391
9391
0392
1392
2392
3392
4392
5392
6392
7392
8392
9392
0393
1393
2393
3393
4393
5393
6393
7393
8393
9393
0394
1394
2394
3394
4394
5394
6394
7394
8394
9394
0395
1395
2395
3395
4395
5395
6395
7395
8395
9395
0396
1396
2396
3396
4396
5396
6396
7396
8396
9396
0397
1397
2397
3397
4397
5397
6397
7397
8397
9397
0398
1398
2398
3398
4398
5398
6398
7398
8398
9398
0399
1399
2399
3399
4399
5399
6399
7399
8399
9399
0400
1400
2400
3400
4400
5400
6400
7400
8400
9400
0401
1401
2401
3401
4401
5401
6401
7401
8401
9401
0402
1402
2402
3402
4402
5402
6402
7402
8402
9402
0403
1403
2403
3403
4403
5403
6403
7403
8403
9403
0404
1404
2404
3404
4404
5404
6404
7404
8404
9404
0405
1405
2405
3405
4405
5405
6405
7405
8405
9405
0406
1406
2406
3406
4406
5406
6406
7406
8406
9406
0407
1407
2407
3407
4407
5407
6407
7407
8407
9407
0408
1408
2408
3408
4408
5408
6408
7408
8408
9408
0409
1409
2409
3409
4409
5409
6409
7409
8409
9409
0410
1410
2410
3410
4410
5410
6410
7410
8410
9410
0411
1411
2411
3411
4411
5411
6411
7411
8411
9411
0412
1412
2412
3412
4412
5412
6412
7412
8412
9412
0413
1413
2413
3413
4413
5413
6413
7413
8413
9413
0414
1414
2414
3414
4414
5414
6414
7414
8414
9414
0415
1415
2415
3415
4415
5415
6415
7415
8415
9415
0416
1416
2416
3416
4416
5416
6416
7416
8416
9416
0417
1417
2417
3417
4417
5417
6417
7417
8417
9417
0418
1418
2418
3418
4418
5418
6418
7418
8418
9418
0419
1419
2419
3419
4419
5419
6419
7419
8419
9419
0420
1420
2420
3420
4420
5420
6420
7420
8420
9420
0421
1421
2421
3421
4421
5421
6421
7421
8421
9421
0422
1422
2422
3422
4422
5422
6422
7422
8422
9422
0423
1423
2423
3423
4423
5423
6423
7423
8423
9423
0424
1424
2424
3424
4424
5424
6424
7424
8424
9424
0425
1425
2425
3425
4425
5425
6425
7425
8425
9425
0426
1426
2426
3426
4426
5426
6426
7426
8426
9426
0427
1427
2427
3427
4427
5427
6427
7427
8427
9427
0428
1428
2428
3428
4428
5428
6428
7428
8428
9428
0429
1429
2429
3429
4429
5429
6429
7429
8429
9429
0430
1430
2430
3430
4430
5430
6430
7430
8430
9430
0431
1431
2431
3431
4431
5431
6431
7431
8431
9431
0432
1432
2432
3432
4432
5432
6432
7432
8432
9432
0433
1433
2433
3433
4433
5433
6433
7433
8433
9433
0434
1434
2434
3434
4434
5434
6434
7434
8434
9434
0435
1435
2435
3435
4435
5435
6435
7435
8435
9435
0436
1436
2436
3436
4436
5436
6436
7436
8436
9436
0437
1437
2437
3437
4437
5437
6437
7437
8437
9437
0438
1438
2438
3438
4438
5438
6438
7438
8438
9438
0439
1439
2439
3439
4439
5439
6439
7439
8439
9439
0440
1440
2440
3440
4440
5440
6440
7440
8440
9440
0441
1441
2441
3441
4441
5441
6441
7441
8441
9441
0442
1442
2442
3442
4442
5442
6442
7442
8442
9442
0443
1443
2443
3443
4443
5443
6443
7443
8443
9443
0444
1444
2444
3444
4444
5444
6444
7444
8444
9444
0445
1445
2445
3445
4445
5445
6445
7445
8445
9445
0446
1446
2446
3446
4446
5446
6446
7446
8446
9446
0447
1447
2447
3447
4447
5447
6447
7447
8447
9447
0448
1448
2448
3448
4448
5448
6448
7448
8448
9448
0449
1449
2449
3449
4449
5449
6449
7449
8449
9449
0450
1450
2450
3450
4450
5450
6450
7450
8450
9450
0451
1451
2451
3451
4451
5451
6451
7451
8451
9451
0452
1452
2452
3452
4452
5452
6452
7452
8452
9452
0453
1453
2453
3453
4453
5453
6453
7453
8453
9453
0454
1454
2454
3454
4454
5454
6454
7454
8454
9454
0455
1455
2455
3455
4455
5455
6455
7455
8455
9455
0456
1456
2456
3456
4456
5456
6456
7456
8456
9456
0457
1457
2457
3457
4457
5457
6457
7457
8457
9457
0458
1458
2458
3458
4458
5458
6458
7458
8458
9458
0459
1459
2459
3459
4459
5459
6459
7459
8459
9459
0460
1460
2460
3460
4460
5460
6460
7460
8460
9460
0461
1461
2461
3461
4461
5461
6461
7461
8461
9461
0462
1462
2462
3462
4462
5462
6462
7462
8462
9462
0463
1463
2463
3463
4463
5463
6463
7463
8463
9463
0464
1464
2464
3464
4464
5464
6464
7464
8464
9464
0465
1465
2465
3465
4465
5465
6465
7465
8465
9465
0466
1466
2466
3466
4466
5466
6466
7466
8466
9466
0467
1467
2467
3467
4467
5467
6467
7467
8467
9467
0468
1468
2468
3468
4468
5468
6468
7468
8468
9468
0469
1469
2469
3469
4469
5469
6469
7469
8469
9469
0470
1470
2470
3470
4470
5470
6470
7470
8470
9470
0471
1471
2471
3471
4471
5471
6471
7471
8471
9471
0472
1472
2472
3472
4472
5472
6472
7472
8472
9472
0473
1473
2473
3473
4473
5473
6473
7473
8473
9473
0474
1474
2474
3474
4474
5474
6474
7474
8474
9474
0475
1475
2475
3475
4475
5475
6475
7475
8475
9475
0476
1476
2476
3476
4476
5476
6476
7476
8476
9476
0477
1477
2477
3477
4477
5477
6477
7477
8477
9477
0478
1478
2478
3478
4478
5478
6478
7478
8478
9478
0479
1479
2479
3479
4479
5479
6479
7479
8479
9479
0480
1480
2480
3480
4480
5480
6480
7480
8480
9480
0481
1481
2481
3481
4481
5481
6481
7481
8481
9481
0482
1482
2482
3482
4482
5482
6482
7482
8482
9482
0483
1483
2483
3483
4483
5483
6483
7483
8483
9483
0484
1484
2484
3484
4484
5484
6484
7484
8484
9484
0485
1485
2485
3485
4485
5485
6485
7485
8485
9485
0486
1486
2486
3486
4486
5486
6486
7486
8486
9486
0487
1487
2487
3487
4487
5487
6487
7487
8487
9487
0488
1488
2488
3488
4488
5488
6488
7488
8488
9488
0489
1489
2489
3489
4489
5489
6489
7489
8489
9489
0490
1490
2490
3490
4490
5490
6490
7490
8490
9490
0491
1491
2491
3491
4491
5491
6491
7491
8491
9491
0492
1492
2492
3492
4492
5492
6492
7492
8492
9492
0493
1493
2493
3493
4493
5493
6493
7493
8493
9493
0494
1494
2494
3494
4494
5494
6494
7494
8494
9494
0495
1495
2495
3495
4495
5495
6495
7495
8495
9495
0496
1496
2496
3496
4496
5496
6496
7496
8496
9496
0497
1497
2497
3497
4497
5497
6497
7497
8497
9497
0498
1498
2498
3498
4498
5498
6498
7498
8498
9498
0499
1499
2499
3499
4499
5499
6499
7499
8499
9499
0500
1500
2500
3500
4500
5500
6500
7500
8500
9500
0501
1501
2501
3501
4501
5501
6501
7501
8501
9501
0502
1502
2502
3502
4502
5502
6502
7502
8502
9502
0503
1503
2503
3503
4503
5503
6503
7503
8503
9503
0504
1504
2504
3504
4504
5504
6504
7504
8504
9504
0505
1505
2505
3505
4505
5505
6505
7505
8505
9505
0506
1506
2506
3506
4506
5506
6506
7506
8506
9506
0507
1507
2507
3507
4507
5507
6507
7507
8507
9507
0508
1508
2508
3508
4508
5508
6508
7508
8508
9508
0509
1509
2509
3509
4509
5509
6509
7509
8509
9509
0510
1510
2510
3510
4510
5510
6510
7510
8510
9510
0511
1511
2511
3511
4511
5511
6511
7511
8511
9511
0512
1512
2512
3512
4512
5512
6512
7512
8512
9512
0513
1513
2513
3513
4513
5513
6513
7513
8513
9513
0514
1514
2514
3514
4514
5514
6514
7514
8514
9514
0515
1515
2515
3515
4515
5515
6515
7515
8515
9515
0516
1516
2516
3516
4516
5516
6516
7516
8516
9516
0517
1517
2517
3517
4517
5517
6517
7517
8517
9517
0518
1518
2518
3518
4518
5518
6518
7518
8518
9518
0519
1519
2519
3519
4519
5519
6519
7519
8519
9519
0520
1520
2520
3520
4520
5520
6520
7520
8520
9520
0521
1521
2521
3521
4521
5521
6521
7521
8521
9521
0522
1522
2522
3522
4522
5522
6522
7522
8522
9522
0523
1523
2523
3523
4523
5523
6523
7523
8523
9523
0524
1524
2524
3524
4524
5524
6524
7524
8524
9524
0525
1525
2525
3525
4525
5525
6525
7525
8525
9525
0526
1526
2526
3526
4526
5526
6526
7526
8526
9526
0527
1527
2527
3527
4527
5527
6527
7527
8527
9527
0528
1528
2528
3528
4528
5528
6528
7528
8528
9528
0529
1529
2529
3529
4529
5529
6529
7529
8529
9529
0530
1530
2530
3530
4530
5530
6530
7530
8530
9530
0531
1531
2531
3531
4531
5531
6531
7531
8531
9531
0532
1532
2532
3532
4532
5532
6532
7532
8532
9532
0533
1533
2533
3533
4533
5533
6533
7533
8533
9533
0534
1534
2534
3534
4534
5534
6534
7534
8534
9534
0535
1535
2535
3535
4535
5535
6535
7535
8535
9535
0536
1536
2536
3536
4536
5536
6536
7536
8536
9536
0537
1537
2537
3537
4537
5537
6537
7537
8537
9537
0538
1538
2538
3538
4538
5538
6538
7538
8538
9538
0539
1539
2539
3539
4539
5539
6539
7539
8539
9539
0540
1540
2540
3540
4540
5540
6540
7540
8540
9540
0541
1541
2541
3541
4541
5541
6541
7541
8541
9541
0542
1542
2542
3542
4542
5542
6542
7542
8542
9542
0543
1543
2543
3543
4543
5543
6543
7543
8543
9543
0544
1544
2544
3544
4544
5544
6544
7544
8544
9544
0545
1545
2545
3545
4545
5545
6545
7545
8545
9545
0546
1546
2546
3546
4546
5546
6546
7546
8546
9546
0547
1547
2547
3547
4547
5547
6547
7547
8547
9547
0548
1548
2548
3548
4548
5548
6548
7548
8548
9548
0549
1549
2549
3549
4549
5549
6549
7549
8549
9549
0550
1550
2550
3550
4550
5550
6550
7550
8550
9550
0551
1551
2551
3551
4551
5551
6551
7551
8551
9551
0552
1552
2552
3552
4552
5552
6552
7552
8552
9552
0553
1553
2553
3553
4553
5553
6553
7553
8553
9553
0554
1554
2554
3554
4554
5554
6554
7554
8554
9554
0555
1555
2555
3555
4555
5555
6555
7555
8555
9555
0556
1556
2556
3556
4556
5556
6556
7556
8556
9556
0557
1557
2557
3557
4557
5557
6557
7557
8557
9557
0558
1558
2558
3558
4558
5558
6558
7558
8558
9558
0559
1559
2559
3559
4559
5559
6559
7559
8559
9559
0560
1560
2560
3560
4560
5560
6560
7560
8560
9560
0561
1561
2561
3561
4561
5561
6561
7561
8561
9561
0562
1562
2562
3562
4562
5562
6562
7562
8562
9562
0563
1563
2563
3563
4563
5563
6563
7563
8563
9563
0564
1564
2564
3564
4564
5564
6564
7564
8564
9564
0565
1565
2565
3565
4565
5565
6565
7565
8565
9565
0566
1566
2566
3566
4566
5566
6566
7566
8566
9566
0567
1567
2567
3567
4567
5567
6567
7567
8567
9567
0568
1568
2568
3568
4568
5568
6568
7568
8568
9568
0569
1569
2569
3569
4569
5569
6569
7569
8569
9569
0570
1570
2570
3570
4570
5570
6570
7570
8570
9570
0571
1571
2571
3571
4571
5571
6571
7571
8571
9571
0572
1572
2572
3572
4572
5572
6572
7572
8572
9572
0573
1573
2573
3573
4573
5573
6573
7573
8573
9573
0574
1574
2574
3574
4574
5574
6574
7574
8574
9574
0575
1575
2575
3575
4575
5575
6575
7575
8575
9575
0576
1576
2576
3576
4576
5576
6576
7576
8576
9576
0577
1577
2577
3577
4577
5577
6577
7577
8577
9577
0578
1578
2578
3578
4578
5578
6578
7578
8578
9578
0579
1579
2579
3579
4579
5579
6579
7579
8579
9579
0580
1580
2580
3580
4580
5580
6580
7580
8580
9580
0581
1581
2581
3581
4581
5581
6581
7581
8581
9581
0582
1582
2582
3582
4582
5582
6582
7582
8582
9582
0583
1583
2583
3583
4583
5583
6583
7583
8583
9583
0584
1584
2584
3584
4584
5584
6584
7584
8584
9584
0585
1585
2585
3585
4585
5585
6585
7585
8585
9585
0586
1586
2586
3586
4586
5586
6586
7586
8586
9586
0587
1587
2587
3587
4587
5587
6587
7587
8587
9587
0588
1588
2588
3588
4588
5588
6588
7588
8588
9588
0589
1589
2589
3589
4589
5589
6589
7589
8589
9589
0590
1590
2590
3590
4590
5590
6590
7590
8590
9590
0591
1591
2591
3591
4591
5591
6591
7591
8591
9591
0592
1592
2592
3592
4592
5592
6592
7592
8592
9592
0593
1593
2593
3593
4593
5593
6593
7593
8593
9593
0594
1594
2594
3594
4594
5594
6594
7594
8594
9594
0595
1595
2595
3595
4595
5595
6595
7595
8595
9595
0596
1596
2596
3596
4596
5596
6596
7596
8596
9596
0597
1597
2597
3597
4597
5597
6597
7597
8597
9597
0598
1598
2598
3598
4598
5598
6598
7598
8598
9598
0599
1599
2599
3599
4599
5599
6599
7599
8599
9599
0600
1600
2600
3600
4600
5600
6600
7600
8600
9600
0601
1601
2601
3601
4601
5601
6601
7601
8601
9601
0602
1602
2602
3602
4602
5602
6602
7602
8602
9602
0603
1603
2603
3603
4603
5603
6603
7603
8603
9603
0604
1604
2604
3604
4604
5604
6604
7604
8604
9604
0605
1605
2605
3605
4605
5605
6605
7605
8605
9605
0606
1606
2606
3606
4606
5606
6606
7606
8606
9606
0607
1607
2607
3607
4607
5607
6607
7607
8607
9607
0608
1608
2608
3608
4608
5608
6608
7608
8608
9608
0609
1609
2609
3609
4609
5609
6609
7609
8609
9609
0610
1610
2610
3610
4610
5610
6610
7610
8610
9610
0611
1611
2611
3611
4611
5611
6611
7611
8611
9611
0612
1612
2612
3612
4612
5612
6612
7612
8612
9612
0613
1613
2613
3613
4613
5613
6613
7613
8613
9613
0614
1614
2614
3614
4614
5614
6614
7614
8614
9614
0615
1615
2615
3615
4615
5615
6615
7615
8615
9615
0616
1616
2616
3616
4616
5616
6616
7616
8616
9616
0617
1617
2617
3617
4617
5617
6617
7617
8617
9617
0618
1618
2618
3618
4618
5618
6618
7618
8618
9618
0619
1619
2619
3619
4619
5619
6619
7619
8619
9619
0620
1620
2620
3620
4620
5620
6620
7620
8620
9620
0621
1621
2621
3621
4621
5621
6621
7621
8621
9621
0622
1622
2622
3622
4622
5622
6622
7622
8622
9622
0623
1623
2623
3623
4623
5623
6623
7623
8623
9623
0624
1624
2624
3624
4624
5624
6624
7624
8624
9624
0625
1625
2625
3625
4625
5625
6625
7625
8625
9625
0626
1626
2626
3626
4626
5626
6626
7626
8626
9626
0627
1627
2627
3627
4627
5627
6627
7627
8627
9627
0628
1628
2628
3628
4628
5628
6628
7628
8628
9628
0629
1629
2629
3629
4629
5629
6629
7629
8629
9629
0630
1630
2630
3630
4630
5630
6630
7630
8630
9630
0631
1631
2631
3631
4631
5631
6631
7631
8631
9631
0632
1632
2632
3632
4632
5632
6632
7632
8632
9632
0633
1633
2633
3633
4633
5633
6633
7633
8633
9633
0634
1634
2634
3634
4634
5634
6634
7634
8634
9634
0635
1635
2635
3635
4635
5635
6635
7635
8635
9635
0636
1636
2636
3636
4636
5636
6636
7636
8636
9636
0637
1637
2637
3637
4637
5637
6637
7637
8637
9637
0638
1638
2638
3638
4638
5638
6638
7638
8638
9638
0639
1639
2639
3639
4639
5639
6639
7639
8639
9639
0640
1640
2640
3640
4640
5640
6640
7640
8640
9640
0641
1641
2641
3641
4641
5641
6641
7641
8641
9641
0642
1642
2642
3642
4642
5642
6642
7642
8642
9642
0643
1643
2643
3643
4643
5643
6643
7643
8643
9643
0644
1644
2644
3644
4644
5644
6644
7644
8644
9644
0645
1645
2645
3645
4645
5645
6645
7645
8645
9645
0646
1646
2646
3646
4646
5646
6646
7646
8646
9646
0647
1647
2647
3647
4647
5647
6647
7647
8647
9647
0648
1648
2648
3648
4648
5648
6648
7648
8648
9648
0649
1649
2649
3649
4649
5649
6649
7649
8649
9649
0650
1650
2650
3650
4650
5650
6650
7650
8650
9650
0651
1651
2651
3651
4651
5651
6651
7651
8651
9651
0652
1652
2652
3652
4652
5652
6652
7652
8652
9652
0653
1653
2653
3653
4653
5653
6653
7653
8653
9653
0654
1654
2654
3654
4654
5654
6654
7654
8654
9654
0655
1655
2655
3655
4655
5655
6655
7655
8655
9655
0656
1656
2656
3656
4656
5656
6656
7656
8656
9656
0657
1657
2657
3657
4657
5657
6657
7657
8657
9657
0658
1658
2658
3658
4658
5658
6658
7658
8658
9658
0659
1659
2659
3659
4659
5659
6659
7659
8659
9659
0660
1660
2660
3660
4660
5660
6660
7660
8660
9660
0661
1661
2661
3661
4661
5661
6661
7661
8661
9661
0662
1662
2662
3662
4662
5662
6662
7662
8662
9662
0663
1663
2663
3663
4663
5663
6663
7663
8663
9663
0664
1664
2664
3664
4664
5664
6664
7664
8664
9664
0665
1665
2665
3665
4665
5665
6665
7665
8665
9665
0666
1666
2666
3666
4666
5666
6666
7666
8666
9666
0667
1667
2667
3667
4667
5667
6667
7667
8667
9667
0668
1668
2668
3668
4668
5668
6668
7668
8668
9668
0669
1669
2669
3669
4669
5669
6669
7669
8669
9669
0670
1670
2670
3670
4670
5670
6670
7670
8670
9670
0671
1671
2671
3671
4671
5671
6671
7671
8671
9671
0672
1672
2672
3672
4672
5672
6672
7672
8672
9672
0673
1673
2673
3673
4673
5673
6673
7673
8673
9673
0674
1674
2674
3674
4674
5674
6674
7674
8674
9674
0675
1675
2675
3675
4675
5675
6675
7675
8675
9675
0676
1676
2676
3676
4676
5676
6676
7676
8676
9676
0677
1677
2677
3677
4677
5677
6677
7677
8677
9677
0678
1678
2678
3678
4678
5678
6678
7678
8678
9678
0679
1679
2679
3679
4679
5679
6679
7679
8679
9679
0680
1680
2680
3680
4680
5680
6680
7680
8680
9680
0681
1681
2681
3681
4681
5681
6681
7681
8681
9681
0682
1682
2682
3682
4682
5682
6682
7682
8682
9682
0683
1683
2683
3683
4683
5683
6683
7683
8683
9683
0684
1684
2684
3684
4684
5684
6684
7684
8684
9684
0685
1685
2685
3685
4685
5685
6685
7685
8685
9685
0686
1686
2686
3686
4686
5686
6686
7686
8686
9686
0687
1687
2687
3687
4687
5687
6687
7687
8687
9687
0688
1688
2688
3688
4688
5688
6688
7688
8688
9688
0689
1689
2689
3689
4689
5689
6689
7689
8689
9689
0690
1690
2690
3690
4690
5690
6690
7690
8690
9690
0691
1691
2691
3691
4691
5691
6691
7691
8691
9691
0692
1692
2692
3692
4692
5692
6692
7692
8692
9692
0693
1693
2693
3693
4693
5693
6693
7693
8693
9693
0694
1694
2694
3694
4694
5694
6694
7694
8694
9694
0695
1695
2695
3695
4695
5695
6695
7695
8695
9695
0696
1696
2696
3696
4696
5696
6696
7696
8696
9696
0697
1697
2697
3697
4697
5697
6697
7697
8697
9697
0698
1698
2698
3698
4698
5698
6698
7698
8698
9698
0699
1699
2699
3699
4699
5699
6699
7699
8699
9699
0700
1700
2700
3700
4700
5700
6700
7700
8700
9700
0701
1701
2701
3701
4701
5701
6701
7701
8701
9701
0702
1702
2702
3702
4702
5702
6702
7702
8702
9702
0703
1703
2703
3703
4703
5703
6703
7703
8703
9703
0704
1704
2704
3704
4704
5704
6704
7704
8704
9704
0705
1705
2705
3705
4705
5705
6705
7705
8705
9705
0706
1706
2706
3706
4706
5706
6706
7706
8706
9706
0707
1707
2707
3707
4707
5707
6707
7707
8707
9707
0708
1708
2708
3708
4708
5708
6708
7708
8708
9708
0709
1709
2709
3709
4709
5709
6709
7709
8709
9709
0710
1710
2710
3710
4710
5710
6710
7710
8710
9710
0711
1711
2711
3711
4711
5711
6711
7711
8711
9711
0712
1712
2712
3712
4712
5712
6712
7712
8712
9712
0713
1713
2713
3713
4713
5713
6713
7713
8713
9713
0714
1714
2714
3714
4714
5714
6714
7714
8714
9714
0715
1715
2715
3715
4715
5715
6715
7715
8715
9715
0716
1716
2716
3716
4716
5716
6716
7716
8716
9716
0717
1717
2717
3717
4717
5717
6717
7717
8717
9717
0718
1718
2718
3718
4718
5718
6718
7718
8718
9718
0719
1719
2719
3719
4719
5719
6719
7719
8719
9719
0720
1720
2720
3720
4720
5720
6720
7720
8720
9720
0721
1721
2721
3721
4721
5721
6721
7721
8721
9721
0722
1722
2722
3722
4722
5722
6722
7722
8722
9722
0723
1723
2723
3723
4723
5723
6723
7723
8723
9723
0724
1724
2724
3724
4724
5724
6724
7724
8724
9724
0725
1725
2725
3725
4725
5725
6725
7725
8725
9725
0726
1726
2726
3726
4726
5726
6726
7726
8726
9726
0727
1727
2727
3727
4727
5727
6727
7727
8727
9727
0728
1728
2728
3728
4728
5728
6728
7728
8728
9728
0729
1729
2729
3729
4729
5729
6729
7729
8729
9729
0730
1730
2730
3730
4730
5730
6730
7730
8730
9730
0731
1731
2731
3731
4731
5731
6731
7731
8731
9731
0732
1732
2732
3732
4732
5732
6732
7732
8732
9732
0733
1733
2733
3733
4733
5733
6733
7733
8733
9733
0734
1734
2734
3734
4734
5734
6734
7734
8734
9734
0735
1735
2735
3735
4735
5735
6735
7735
8735
9735
0736
1736
2736
3736
4736
5736
6736
7736
8736
9736
0737
1737
2737
3737
4737
5737
6737
7737
8737
9737
0738
1738
2738
3738
4738
5738
6738
7738
8738
9738
0739
1739
2739
3739
4739
5739
6739
7739
8739
9739
0740
1740
2740
3740
4740
5740
6740
7740
8740
9740
0741
1741
2741
3741
4741
5741
6741
7741
8741
9741
0742
1742
2742
3742
4742
5742
6742
7742
8742
9742
0743
1743
2743
3743
4743
5743
6743
7743
8743
9743
0744
1744
2744
3744
4744
5744
6744
7744
8744
9744
0745
1745
2745
3745
4745
5745
6745
7745
8745
9745
0746
1746
2746
3746
4746
5746
6746
7746
8746
9746
0747
1747
2747
3747
4747
5747
6747
7747
8747
9747
0748
1748
2748
3748
4748
5748
6748
7748
8748
9748
0749
1749
2749
3749
4749
5749
6749
7749
8749
9749
0750
1750
2750
3750
4750
5750
6750
7750
8750
9750
0751
1751
2751
3751
4751
5751
6751
7751
8751
9751
0752
1752
2752
3752
4752
5752
6752
7752
8752
9752
0753
1753
2753
3753
4753
5753
6753
7753
8753
9753
0754
1754
2754
3754
4754
5754
6754
7754
8754
9754
0755
1755
2755
3755
4755
5755
6755
7755
8755
9755
0756
1756
2756
3756
4756
5756
6756
7756
8756
9756
0757
1757
2757
3757
4757
5757
6757
7757
8757
9757
0758
1758
2758
3758
4758
5758
6758
7758
8758
9758
0759
1759
2759
3759
4759
5759
6759
7759
8759
9759
0760
1760
2760
3760
4760
5760
6760
7760
8760
9760
0761
1761
2761
3761
4761
5761
6761
7761
8761
9761
0762
1762
2762
3762
4762
5762
6762
7762
8762
9762
0763
1763
2763
3763
4763
5763
6763
7763
8763
9763
0764
1764
2764
3764
4764
5764
6764
7764
8764
9764
0765
1765
2765
3765
4765
5765
6765
7765
8765
9765
0766
1766
2766
3766
4766
5766
6766
7766
8766
9766
0767
1767
2767
3767
4767
5767
6767
7767
8767
9767
0768
1768
2768
3768
4768
5768
6768
7768
8768
9768
0769
1769
2769
3769
4769
5769
6769
7769
8769
9769
0770
1770
2770
3770
4770
5770
6770
7770
8770
9770
0771
1771
2771
3771
4771
5771
6771
7771
8771
9771
0772
1772
2772
3772
4772
5772
6772
7772
8772
9772
0773
1773
2773
3773
4773
5773
6773
7773
8773
9773
0774
1774
2774
3774
4774
5774
6774
7774
8774
9774
0775
1775
2775
3775
4775
5775
6775
7775
8775
9775
0776
1776
2776
3776
4776
5776
6776
7776
8776
9776
0777
1777
2777
3777
4777
5777
6777
7777
8777
9777
0778
1778
2778
3778
4778
5778
6778
7778
8778
9778
0779
1779
2779
3779
4779
5779
6779
7779
8779
9779
0780
1780
2780
3780
4780
5780
6780
7780
8780
9780
0781
1781
2781
3781
4781
5781
6781
7781
8781
9781
0782
1782
2782
3782
4782
5782
6782
7782
8782
9782
0783
1783
2783
3783
4783
5783
6783
7783
8783
9783
0784
1784
2784
3784
4784
5784
6784
7784
8784
9784
0785
1785
2785
3785
4785
5785
6785
7785
8785
9785
0786
1786
2786
3786
4786
5786
6786
7786
8786
9786
0787
1787
2787
3787
4787
5787
6787
7787
8787
9787
0788
1788
2788
3788
4788
5788
6788
7788
8788
9788
0789
1789
2789
3789
4789
5789
6789
7789
8789
9789
0790
1790
2790
3790
4790
5790
6790
7790
8790
9790
0791
1791
2791
3791
4791
5791
6791
7791
8791
9791
0792
1792
2792
3792
4792
5792
6792
7792
8792
9792
0793
1793
2793
3793
4793
5793
6793
7793
8793
9793
0794
1794
2794
3794
4794
5794
6794
7794
8794
9794
0795
1795
2795
3795
4795
5795
6795
7795
8795
9795
0796
1796
2796
3796
4796
5796
6796
7796
8796
9796
0797
1797
2797
3797
4797
5797
6797
7797
8797
9797
0798
1798
2798
3798
4798
5798
6798
7798
8798
9798
0799
1799
2799
3799
4799
5799
6799
7799
8799
9799
0800
1800
2800
3800
4800
5800
6800
7800
8800
9800
0801
1801
2801
3801
4801
5801
6801
7801
8801
9801
0802
1802
2802
3802
4802
5802
6802
7802
8802
9802
0803
1803
2803
3803
4803
5803
6803
7803
8803
9803
0804
1804
2804
3804
4804
5804
6804
7804
8804
9804
0805
1805
2805
3805
4805
5805
6805
7805
8805
9805
0806
1806
2806
3806
4806
5806
6806
7806
8806
9806
0807
1807
2807
3807
4807
5807
6807
7807
8807
9807
0808
1808
2808
3808
4808
5808
6808
7808
8808
9808
0809
1809
2809
3809
4809
5809
6809
7809
8809
9809
0810
1810
2810
3810
4810
5810
6810
7810
8810
9810
0811
1811
2811
3811
4811
5811
6811
7811
8811
9811
0812
1812
2812
3812
4812
5812
6812
7812
8812
9812
0813
1813
2813
3813
4813
5813
6813
7813
8813
9813
0814
1814
2814
3814
4814
5814
6814
7814
8814
9814
0815
1815
2815
3815
4815
5815
6815
7815
8815
9815
0816
1816
2816
3816
4816
5816
6816
7816
8816
9816
0817
1817
2817
3817
4817
5817
6817
7817
8817
9817
0818
1818
2818
3818
4818
5818
6818
7818
8818
9818
0819
1819
2819
3819
4819
5819
6819
7819
8819
9819
0820
1820
2820
3820
4820
5820
6820
7820
8820
9820
0821
1821
2821
3821
4821
5821
6821
7821
8821
9821
0822
1822
2822
3822
4822
5822
6822
7822
8822
9822
0823
1823
2823
3823
4823
5823
6823
7823
8823
9823
0824
1824
2824
3824
4824
5824
6824
7824
8824
9824
0825
1825
2825
3825
4825
5825
6825
7825
8825
9825
0826
1826
2826
3826
4826
5826
6826
7826
8826
9826
0827
1827
2827
3827
4827
5827
6827
7827
8827
9827
0828
1828
2828
3828
4828
5828
6828
7828
8828
9828
0829
1829
2829
3829
4829
5829
6829
7829
8829
9829
0830
1830
2830
3830
4830
5830
6830
7830
8830
9830
0831
1831
2831
3831
4831
5831
6831
7831
8831
9831
0832
1832
2832
3832
4832
5832
6832
7832
8832
9832
0833
1833
2833
3833
4833
5833
6833
7833
8833
9833
0834
1834
2834
3834
4834
5834
6834
7834
8834
9834
0835
1835
2835
3835
4835
5835
6835
7835
8835
9835
0836
1836
2836
3836
4836
5836
6836
7836
8836
9836
0837
1837
2837
3837
4837
5837
6837
7837
8837
9837
0838
1838
2838
3838
4838
5838
6838
7838
8838
9838
0839
1839
2839
3839
4839
5839
6839
7839
8839
9839
0840
1840
2840
3840
4840
5840
6840
7840
8840
9840
0841
1841
2841
3841
4841
5841
6841
7841
8841
9841
0842
1842
2842
3842
4842
5842
6842
7842
8842
9842
0843
1843
2843
3843
4843
5843
6843
7843
8843
9843
0844
1844
2844
3844
4844
5844
6844
7844
8844
9844
0845
1845
2845
3845
4845
5845
6845
7845
8845
9845
0846
1846
2846
3846
4846
5846
6846
7846
8846
9846
0847
1847
2847
3847
4847
5847
6847
7847
8847
9847
0848
1848
2848
3848
4848
5848
6848
7848
8848
9848
0849
1849
2849
3849
4849
5849
6849
7849
8849
9849
0850
1850
2850
3850
4850
5850
6850
7850
8850
9850
0851
1851
2851
3851
4851
5851
6851
7851
8851
9851
0852
1852
2852
3852
4852
5852
6852
7852
8852
9852
0853
1853
2853
3853
4853
5853
6853
7853
8853
9853
0854
1854
2854
3854
4854
5854
6854
7854
8854
9854
0855
1855
2855
3855
4855
5855
6855
7855
8855
9855
0856
1856
2856
3856
4856
5856
6856
7856
8856
9856
0857
1857
2857
3857
4857
5857
6857
7857
8857
9857
0858
1858
2858
3858
4858
5858
6858
7858
8858
9858
0859
1859
2859
3859
4859
5859
6859
7859
8859
9859
0860
1860
2860
3860
4860
5860
6860
7860
8860
9860
0861
1861
2861
3861
4861
5861
6861
7861
8861
9861
0862
1862
2862
3862
4862
5862
6862
7862
8862
9862
0863
1863
2863
3863
4863
5863
6863
7863
8863
9863
0864
1864
2864
3864
4864
5864
6864
7864
8864
9864
0865
1865
2865
3865
4865
5865
6865
7865
8865
9865
0866
1866
2866
3866
4866
5866
6866
7866
8866
9866
0867
1867
2867
3867
4867
5867
6867
7867
8867
9867
0868
1868
2868
3868
4868
5868
6868
7868
8868
9868
0869
1869
2869
3869
4869
5869
6869
7869
8869
9869
0870
1870
2870
3870
4870
5870
6870
7870
8870
9870
0871
1871
2871
3871
4871
5871
6871
7871
8871
9871
0872
1872
2872
3872
4872
5872
6872
7872
8872
9872
0873
1873
2873
3873
4873
5873
6873
7873
8873
9873
0874
1874
2874
3874
4874
5874
6874
7874
8874
9874
0875
1875
2875
3875
4875
5875
6875
7875
8875
9875
0876
1876
2876
3876
4876
5876
6876
7876
8876
9876
0877
1877
2877
3877
4877
5877
6877
7877
8877
9877
0878
1878
2878
3878
4878
5878
6878
7878
8878
9878
0879
1879
2879
3879
4879
5879
6879
7879
8879
9879
0880
1880
2880
3880
4880
5880
6880
7880
8880
9880
0881
1881
2881
3881
4881
5881
6881
7881
8881
9881
0882
1882
2882
3882
4882
5882
6882
7882
8882
9882
0883
1883
2883
3883
4883
5883
6883
7883
8883
9883
0884
1884
2884
3884
4884
5884
6884
7884
8884
9884
0885
1885
2885
3885
4885
5885
6885
7885
8885
9885
0886
1886
2886
3886
4886
5886
6886
7886
8886
9886
0887
1887
2887
3887
4887
5887
6887
7887
8887
9887
0888
1888
2888
3888
4888
5888
6888
7888
8888
9888
0889
1889
2889
3889
4889
5889
6889
7889
8889
9889
0890
1890
2890
3890
4890
5890
6890
7890
8890
9890
0891
1891
2891
3891
4891
5891
6891
7891
8891
9891
0892
1892
2892
3892
4892
5892
6892
7892
8892
9892
0893
1893
2893
3893
4893
5893
6893
7893
8893
9893
0894
1894
2894
3894
4894
5894
6894
7894
8894
9894
0895
1895
2895
3895
4895
5895
6895
7895
8895
9895
0896
1896
2896
3896
4896
5896
6896
7896
8896
9896
0897
1897
2897
3897
4897
5897
6897
7897
8897
9897
0898
1898
2898
3898
4898
5898
6898
7898
8898
9898
0899
1899
2899
3899
4899
5899
6899
7899
8899
9899
0900
1900
2900
3900
4900
5900
6900
7900
8900
9900
0901
1901
2901
3901
4901
5901
6901
7901
8901
9901
0902
1902
2902
3902
4902
5902
6902
7902
8902
9902
0903
1903
2903
3903
4903
5903
6903
7903
8903
9903
0904
1904
2904
3904
4904
5904
6904
7904
8904
9904
0905
1905
2905
3905
4905
5905
6905
7905
8905
9905
0906
1906
2906
3906
4906
5906
6906
7906
8906
9906
0907
1907
2907
3907
4907
5907
6907
7907
8907
9907
0908
1908
2908
3908
4908
5908
6908
7908
8908
9908
0909
1909
2909
3909
4909
5909
6909
7909
8909
9909
0910
1910
2910
3910
4910
5910
6910
7910
8910
9910
0911
1911
2911
3911
4911
5911
6911
7911
8911
9911
0912
1912
2912
3912
4912
5912
6912
7912
8912
9912
0913
1913
2913
3913
4913
5913
6913
7913
8913
9913
0914
1914
2914
3914
4914
5914
6914
7914
8914
9914
0915
1915
2915
3915
4915
5915
6915
7915
8915
9915
0916
1916
2916
3916
4916
5916
6916
7916
8916
9916
0917
1917
2917
3917
4917
5917
6917
7917
8917
9917
0918
1918
2918
3918
4918
5918
6918
7918
8918
9918
0919
1919
2919
3919
4919
5919
6919
7919
8919
9919
0920
1920
2920
3920
4920
5920
6920
7920
8920
9920
0921
1921
2921
3921
4921
5921
6921
7921
8921
9921
0922
1922
2922
3922
4922
5922
6922
7922
8922
9922
0923
1923
2923
3923
4923
5923
6923
7923
8923
9923
0924
1924
2924
3924
4924
5924
6924
7924
8924
9924
0925
1925
2925
3925
4925
5925
6925
7925
8925
9925
0926
1926
2926
3926
4926
5926
6926
7926
8926
9926
0927
1927
2927
3927
4927
5927
6927
7927
8927
9927
0928
1928
2928
3928
4928
5928
6928
7928
8928
9928
0929
1929
2929
3929
4929
5929
6929
7929
8929
9929
0930
1930
2930
3930
4930
5930
6930
7930
8930
9930
0931
1931
2931
3931
4931
5931
6931
7931
8931
9931
0932
1932
2932
3932
4932
5932
6932
7932
8932
9932
0933
1933
2933
3933
4933
5933
6933
7933
8933
9933
0934
1934
2934
3934
4934
5934
6934
7934
8934
9934
0935
1935
2935
3935
4935
5935
6935
7935
8935
9935
0936
1936
2936
3936
4936
5936
6936
7936
8936
9936
0937
1937
2937
3937
4937
5937
6937
7937
8937
9937
0938
1938
2938
3938
4938
5938
6938
7938
8938
9938
0939
1939
2939
3939
4939
5939
6939
7939
8939
9939
0940
1940
2940
3940
4940
5940
6940
7940
8940
9940
0941
1941
2941
3941
4941
5941
6941
7941
8941
9941
0942
1942
2942
3942
4942
5942
6942
7942
8942
9942
0943
1943
2943
3943
4943
5943
6943
7943
8943
9943
0944
1944
2944
3944
4944
5944
6944
7944
8944
9944
0945
1945
2945
3945
4945
5945
6945
7945
8945
9945
0946
1946
2946
3946
4946
5946
6946
7946
8946
9946
0947
1947
2947
3947
4947
5947
6947
7947
8947
9947
0948
1948
2948
3948
4948
5948
6948
7948
8948
9948
0949
1949
2949
3949
4949
5949
6949
7949
8949
9949
0950
1950
2950
3950
4950
5950
6950
7950
8950
9950
0951
1951
2951
3951
4951
5951
6951
7951
8951
9951
0952
1952
2952
3952
4952
5952
6952
7952
8952
9952
0953
1953
2953
3953
4953
5953
6953
7953
8953
9953
0954
1954
2954
3954
4954
5954
6954
7954
8954
9954
0955
1955
2955
3955
4955
5955
6955
7955
8955
9955
0956
1956
2956
3956
4956
5956
6956
7956
8956
9956
0957
1957
2957
3957
4957
5957
6957
7957
8957
9957
0958
1958
2958
3958
4958
5958
6958
7958
8958
9958
0959
1959
2959
3959
4959
5959
6959
7959
8959
9959
0960
1960
2960
3960
4960
5960
6960
7960
8960
9960
0961
1961
2961
3961
4961
5961
6961
7961
8961
9961
0962
1962
2962
3962
4962
5962
6962
7962
8962
9962
0963
1963
2963
3963
4963
5963
6963
7963
8963
9963
0964
1964
2964
3964
4964
5964
6964
7964
8964
9964
0965
1965
2965
3965
4965
5965
6965
7965
8965
9965
0966
1966
2966
3966
4966
5966
6966
7966
8966
9966
0967
1967
2967
3967
4967
5967
6967
7967
8967
9967
0968
1968
2968
3968
4968
5968
6968
7968
8968
9968
0969
1969
2969
3969
4969
5969
6969
7969
8969
9969
0970
1970
2970
3970
4970
5970
6970
7970
8970
9970
0971
1971
2971
3971
4971
5971
6971
7971
8971
9971
0972
1972
2972
3972
4972
5972
6972
7972
8972
9972
0973
1973
2973
3973
4973
5973
6973
7973
8973
9973
0974
1974
2974
3974
4974
5974
6974
7974
8974
9974
0975
1975
2975
3975
4975
5975
6975
7975
8975
9975
0976
1976
2976
3976
4976
5976
6976
7976
8976
9976
0977
1977
2977
3977
4977
5977
6977
7977
8977
9977
0978
1978
2978
3978
4978
5978
6978
7978
8978
9978
0979
1979
2979
3979
4979
5979
6979
7979
8979
9979
0980
1980
2980
3980
4980
5980
6980
7980
8980
9980
0981
1981
2981
3981
4981
5981
6981
7981
8981
9981
0982
1982
2982
3982
4982
5982
6982
7982
8982
9982
0983
1983
2983
3983
4983
5983
6983
7983
8983
9983
0984
1984
2984
3984
4984
5984
6984
7984
8984
9984
0985
1985
2985
3985
4985
5985
6985
7985
8985
9985
0986
1986
2986
3986
4986
5986
6986
7986
8986
9986
0987
1987
2987
3987
4987
5987
6987
7987
8987
9987
0988
1988
2988
3988
4988
5988
6988
7988
8988
9988
0989
1989
2989
3989
4989
5989
6989
7989
8989
9989
0990
1990
2990
3990
4990
5990
6990
7990
8990
9990
0991
1991
2991
3991
4991
5991
6991
7991
8991
9991
0992
1992
2992
3992
4992
5992
6992
7992
8992
9992
0993
1993
2993
3993
4993
5993
6993
7993
8993
9993
0994
1994
2994
3994
4994
5994
6994
7994
8994
9994
0995
1995
2995
3995
4995
5995
6995
7995
8995
9995
0996
1996
2996
3996
4996
5996
6996
7996
8996
9996
0997
1997
2997
3997
4997
5997
6997
7997
8997
9997
0998
1998
2998
3998
4998
5998
6998
7998
8998
9998
0999
1999
2999
3999
4999
5999
6999
7999
8999
9999
